-404.13672260264514
-448.07683539350575
-162.6344061922965
-105.65605100337993
-49.728663428054055
-103.57737063009783
-88.88142801352429
-241.6535102654894
-110.53969911102308
-91.3415841098985
-131.86063267395193
-112.4922835266364
-243.87297399370186
-121.07575541520242
-92.12335703395156
-358.72044399320276
-83.67773876099167
-235.62152008561455
-130.68337716194566
-26.50335856576139
-31.565695123663062
-154.80434354812934
-273.9319497601871
-96.01358388999947
-66.36644929004672
-58.650147840501106
-104.50464655142515
-83.96289896768762
-86.0527215638329
-81.9833039652369
-119.07270758612448
-258.106997878878
-133.40840116111224
-77.99746723686893
-454.29894933717515
-217.8422301529538
-309.36077938868
-110.27109854465706
-53.310106744767964
-112.24266583699111
-158.27253683428518
-81.36174624656248
-198.94210339372435
-168.95321983687126
-114.09545397039383
-97.75360358182282
-43.53328125631434
-88.23611840083363
-126.65107440231687
-303.6223402319401
-98.59891406337981
-169.066233455155
-57.58677750026156
-87.07680036389688
-192.45535698535025
-116.3014512836778
-191.86626818023854
-151.434414181239
-41.69906586866004
-95.46888897908178
-69.94560857239873
-148.78686673377263
-88.55487701960955
-175.83078757450943
-201.3188850258756
-202.14999647055032
-91.81382824767549
-126.30298603795839
-90.28195603934846
-338.56474171127695
-137.06633401978962
-110.15977481933614
-218.81517636414657
-53.012199158792555
-52.91047552388864
-119.80290473940556
-174.33505382809392
-59.085851480747266
-166.7898204856964
-151.53646434728023
-83.52215614381703
-274.54230451947797
-221.39534671414623
-9.319896165615262
-156.763931555203
-149.58549836118323
-97.60104843263238
-69.17994205063498
-288.57297380652693
-134.4551991897522
-200.783133514005
-53.960856939808025
-247.95195471430296
-150.9901109009066
-65.79001564119687
-83.18754229365656
-113.69843267593595
-34.37737225414563
-76.89206731326688
-321.9419000058971
-275.74175303845186
-319.9582646571809
-66.19343486606812
-119.42290193035554
-291.6197107624246
-51.28189218677154
-68.93881359873748
-179.72826891846202
-40.49547822055314
-169.85116783338853
-59.1857973310863
-126.69021491106307
-238.38644664170062
-112.72478331553734
-84.58839402666118
-48.40870462730064
-244.14483100793674
-206.2565990786439
-102.91057961009196
-250.2537868476469
-54.657992922258984
-112.52629308283093
-139.7164886477383
-28.43880664663682
-75.20597209764038
-79.38309438798098
-63.46628962542118
-339.86393734908194
-32.51809681915266
-131.17046956074773
-362.0766912317258
-59.870597213059675
-25.864409335497044
-117.35128003700513
-56.37473993479839
-96.6691814351163
-75.68099624112895
-129.42359491489145
-1.1142458626460865
-72.83599268590618
-92.99100958586826
-32.16005555142735
-96.22755617808875
-27.18532263918931
-59.06353732149131
-32.484275290600635
-92.59246820604656
-268.3892542886606
21.046648392492514
13.576592054139937
14.799620610104839
-138.61041343944044
-95.05987472321829
-55.377281962620714
-16.63723564769664
6.491796972621188
-40.156733698915666
-32.350279642562626
-33.32470186500203
-119.59527501276821
-71.94603009973152
-42.02328866500373
-76.54291568603414
-203.6133576884497
4.102270348535953
-43.070113433446394
-24.36627538126146
41.068298110288566
-34.52006771558783
-18.70008426122351
-74.91701574889157
-55.07260017310004
24.83128352808768
6.006536093913226
-41.86863549740377
8.302388596319275
-63.682960611069916
-207.77699322256785
-24.532789695938817
-177.4421512678124
22.286803921019864
-23.130089038639895
-23.349087059926163
-28.413261330353734
83.08799454067714
-118.93668209713293
-133.89245429244454
-68.996271663528
-65.22974232056114
-105.75401404894123
-161.93969464596677
-46.75743166786552
-26.115017220761246
-26.58156650626546
-0.03846234839244289
-26.281109133405593
-15.50054110166657
-181.22913140395946
-18.762234244634115
-277.824427689956
-87.54572553958398
-167.2704678343817
-173.26579589179187
57.493516497876755
-83.14418878163926
-24.441704510733118
6.09109879720701
-272.12403271385233
-80.121446805607
-33.37280255184004
-395.53450525450853
-86.2458846911461
-43.15836232041199
-243.48803970882238
-55.28318174406306
-305.27009737734153
6.666453631600305
-37.5298966159783
40.577231722748394
-122.70687496210664
-36.48153190431112
-41.9717901687457
-72.62145866756882
0.874969692599521
-21.318956338719545
-177.444545927845
-238.98988353711098
-7.227594965222934
49.09505759842715
59.66502245181728
-62.44453767668407
-3.0323840539267053
33.938223570523036
-244.92584522310474
-2.4778823516828083
11.749746340677262
-155.48096963878612
-144.91081060390033
-11.145356219270255
-5.817937337946226
28.47082862001116
-22.840852454409415
-70.08016001918305
-150.5881275778194
-9.016088352844477
-28.430438311363773
-166.45075692175024
-95.0046070877557
-19.910607775386865
-36.19130721305609
29.160933497758634
-38.282557354492965
-29.42367368992869
-124.76123899936647
44.52410160409784
-11.579230913604292
-101.15312239267655
-23.385057280392118
-14.62496285121496
-41.85066662240668
65.35374075299099
15.197047823120243
99.85701194228649
-90.35478548213
-123.59090768470112
-207.67054103779068
-169.64737153947212
27.613834043550103
-31.680528087453368
-85.93028531890336
-271.88537686861366
-134.2989594405206
-17.844835672989944
-27.692524647158514
-29.28174419510465
-40.4848423602855
-210.09330185206574
-136.80512925327193
25.266848830197375
-21.67336331114791
18.663161413273315
-9.144506994568772
-51.22959617920567
-133.0002381080617
-41.007613666067286
-45.822667441021395
-108.10028402290595
31.06745819875809
-38.463531725338186
25.75655494538711
52.50620422102717
-86.15085896693968
-124.13299003932332
-41.627520597614364
-22.418118460357917
-116.85177710182825
-56.41444922593132
-43.11164962710805
-102.2492174960778
-34.263642223268434
10.363827616450308
-10.120226247978295
-9.155998804578417
-57.19156233145453
-17.048819582128004
-98.19289121380304
-155.43778949993856
-25.138265447306438
-66.92747053878125
-104.77995560359334
34.56117471119073
-133.39415604275297
-182.96010863697086
-181.09725976071627
4.929609103478995
-46.65315999755899
-51.865252617860875
-133.11244030094696
52.387211454217436
-133.91940840333376
-28.264929630295825
-137.12072672762184
-48.507497577042884
2.887923948708405
-29.020295715168587
65.15997817160905
-185.03648155586393
-83.27415907770153
-23.98138805154771
-43.561870371624025
29.718393652839353
-56.38808539571646
-48.55148427324798
-35.0008637477099
-89.35180762798115
-141.12674580744647
-4.173474879479386
-102.55221138067262
-53.23620459690578
35.85626901264607
-161.83373240439718
-179.80540942917045
-34.99401871598808
-37.73184002909225
-39.73084785831155
26.674798652796
4.283144809440174
-6.518884963318257
-33.28894186096919
-76.1171481782728
14.200301962788586
-128.97317374665678
26.697948506458133
44.11373509887228
91.34721376570678
-136.71041563012375
-188.6361753757032
67.35889094573527
-121.31966832326316
-140.71724332900698
-176.84154715536397
-13.173307985420196
-45.13126039096764
-19.68873683590452
-0.7231021807077838
-162.76248414985156
101.64689783301513
-36.0374256305345
10.754094919157666
142.70645479513303
12.77816290771691
-30.455894130786334
106.35266695262462
6.642618673306998
122.0793611851408
-162.8977888015758
-21.300292101297245
-35.602608490267244
56.601698531342706
71.14397394945232
24.92059574731779
30.410829020698657
72.63686304924413
9.822079598256233
-77.8032127395929
105.63282103109496
-218.0198939088075
53.98521642263065
-109.19735145921122
20.477958086034683
-39.85926055029434
-51.52614744834308
-131.96322652441768
168.371682154265
-49.21483134277756
11.587533869745762
-76.92713641019284
81.9537933859987
-67.27885546992233
69.8525016377609
-93.66050894620635
-11.676826343737364
148.15591262305256
-162.8027558265812
-48.47498811639666
-38.60032970826242
2.9595563533807763
-32.77171309671168
37.89745243525425
42.4050838653215
-4.184013682623942
63.569237117921304
72.0984247752401
-34.3134028491538
-58.971921569341944
-65.49272895067311
93.43831165949346
-6.11945941132781
12.994998547834086
-24.55787258393582
51.59228621016976
-83.07283727760226
87.20707694815317
-50.31969650148113
-9.040895019957603
-12.82573224440307
26.801090331707
-35.874626522686356
24.185712183866812
-0.17890211762515662
64.82630934086876
-14.21858680992284
116.54124310919684
152.22627220219096
11.214068949625883
125.93578928802708
-22.293733894967815
41.17166260150577
-49.11597994879642
114.11297841470588
53.83788117881795
-50.7772833806531
167.9176978240034
141.60994643620776
119.22411445643596
134.59433385620488
-1.4155506147011323
76.8108063563973
-51.09996239933666
1.3706809525083656
-14.33700655134281
117.0505163472703
117.50218278964773
37.86744000609502
-18.990205385219795
-49.16053147320751
101.83170842620844
22.431711008607365
-25.03673403717437
6.949129008134619
-32.39984094538728
71.18324516589296
126.8448280486347
87.61458921265911
5.009546720903785
11.096271945327146
0.4175245793434499
-13.592632993435103
110.95286009102172
13.7556774165283
46.375947185129746
-161.71136757883602
-74.06042621870492
66.94599498277152
36.75032155654071
82.05608299247605
-30.120820403687347
78.71854022444725
-35.1508031445446
88.70289172301541
3.3184802394270037
-61.32219664485989
126.47839455094436
-82.58679570129698
153.4380179674575
-86.6750079703419
45.65211117089034
102.18003140675665
-53.23881328668748
11.75835733154193
-11.695596524286259
53.589382145113476
116.87407678498478
1.5323713690324041
117.23130726016547
26.974541246083234
65.18723815035467
105.12325669936057
139.2356636399199
125.45952429491965
117.64008815589298
127.03385588399104
89.11446450259797
236.93107827339952
29.685932096168187
-67.2901073214844
3.551346697523371
102.06754540849195
138.0941180641905
15.830964820469774
115.64065007702085
115.3972425251897
-49.20512510258196
53.5229565130295
-37.744534202795236
3.865763479981524
-18.250057150560636
52.70805905034163
13.195048724630539
131.75552652226543
-73.29187187761302
29.583366495265693
120.01812319233777
110.6657869410092
139.3788012375438
55.96609884661632
136.0899578495723
99.63958471189288
128.35028679605333
114.77669001169389
136.1101402422521
104.38332375716368
135.78139124051552
39.00155101642761
115.84118016382213
5.576722924498284
30.397559595333178
171.98552156893197
-9.783713884182703
215.75208278717525
218.82303753041833
45.44954466461405
-34.46564594891041
95.99633833683981
33.28520871539672
65.24936815950095
42.3397785163408
-9.511037709557627
-39.99802663000928
15.568394545650916
83.47035290854072
8.671537015516762
-7.735180641754667
130.31154063168805
71.55605266545537
53.4052341924189
147.07327524482048
101.76699842788538
161.24683379918233
75.81572246494125
28.899911849747014
169.19344781488715
139.65124290525515
39.046419741790146
154.2054200398091
184.98099112116657
97.75776659294932
99.59125929057234
126.72224043996552
-32.80806118476748
-149.62648718979642
142.15359803815943
117.46711433169328
-64.13873211062945
13.744641498354198
88.72988622488886
157.5799408557283
4.156444963762908
-89.01759021511086
84.79445955735532
194.59606391802456
107.61932914536368
78.57537056991005
116.53474433421795
-46.651746710763206
126.41346792440228
-175.83093699582741
75.9293201813063
180.0349400715209
-80.52094545062728
126.76000624426472
148.89990798190902
159.4433673371117
49.89896230372839
241.02404920104462
-140.18983111727619
52.74565316713009
54.53788182107772
-15.05042132987445
-80.95783404169745
134.71280216490874
-97.29966412298884
29.888289657883718
51.38825975596211
90.12814377102349
23.036364583052553
142.37539947933433
-48.88434101378513
122.32682655990749
68.71796209370467
-71.9583905369536
144.36764392856352
94.65460388823652
101.50026574816006
132.75646288719753
128.65375062521971
144.64101381101483
91.35062612866209
170.1090871833429
131.28841789094315
109.8188543469924
118.57024675832919
128.15414397677065
-4.248609820349515
172.93034455767386
16.725826993481135
8.175827486074454
142.09532213990994
115.29822237396684
36.17743899230368
132.41495851773652
167.36219574426335
41.95111567452756
108.54240564298036
-44.757401856972194
136.33183177489101
129.59329998324355
119.69486227932359
180.72454012059453
41.47797195870473
124.87941116713493
36.46898877283729
236.95499701659054
158.9466324307253
3.9981842820734528
9.26213857752957
203.7317574834213
139.591925692743
171.29048596467882
143.95522637502089
44.52101920382623
0.7712945683068426
158.41471579030855
124.63434007083983
161.95271365922795
189.4042027038312
-18.560688885015978
29.975045022436916
173.57828455539024
159.49201964742932
87.2778128368665
-45.724789465139764
156.274846124582
63.85926583035035
279.26339122662733
-20.98989622211836
20.947188903875826
162.12033750274855
26.49527235378754
-3.3810199683928346
194.8274326630379
51.13834849708752
166.67115760381128
-22.60269275071039
-19.448450160427385
-6.357561702598815
-7.587250568995017
-15.83838454492765
277.7111816144958
8.361160040750661
270.86641032015353
-40.101816111751745
41.249453342170824
-5.881107353127277
266.9019817319621
-9.976894161938247
17.50892310929403
3.667773559605621
256.0300048898064
295.03621961584344
43.97079901134936
260.99715247457584
68.84624002258232
231.49352399525185
100.8753159229198
251.29776878878408
-2.2631322127499516
241.98081688583932
279.69658827967226
280.3008700371992
264.2854352775556
237.53815653895592
243.39569576529996
33.856326379717814
256.07370430975357
270.7098525208264
-6.229298302060016
239.26250228630386
253.96829167450358
237.65011494240142
267.4091775156943
258.1280699642007
231.60015118681116
