-404.13672260264514
-448.07683539350575
-162.6344061922965
-105.65605100337993
-49.728663428054055
-103.57737063009783
-88.88142801352429
-241.6535102654894
-110.53969911102308
-91.3415841098985
-131.86063267395193
-112.4922835266364
-243.87297399370186
-121.07575541520242
-92.12335703395156
-358.72044399320276
-83.67773876099167
-235.62152008561455
-143.65827694699354
-124.52012720862342
-55.4040917463486
-68.44954808482576
-215.91317639281385
-231.5261668846277
-192.63084588099514
-593.987104359715
-80.59086419338067
-67.28204726307257
-164.20015566049528
-115.70800294774746
-188.6273266220482
-361.6063386026169
-141.5691585569389
-111.36855615225396
-201.88863078181066
-257.7663728573476
-194.13529633384178
-98.81713543040945
-71.48926913719328
-219.02761385807884
-142.43231666424097
-88.8068111050473
-352.65388089603067
-86.57029578739352
-136.62141894660823
-104.35067962541677
-113.2351934159218
-65.7250771124055
61.442337237565795
-93.77494570419205
-57.958386054279295
-77.18214009827258
-148.9778276513111
-108.7683215684525
-31.44087323226219
-56.001019111667375
-130.09259764047115
-29.659437333282966
-39.63060826616969
-152.62512093994997
-117.5691647327322
-80.56184391842136
-141.7096533136562
-92.0090761687585
-294.82381267613414
-238.16924636520406
-126.05158587138145
-110.84198498048684
-130.9900689357539
-155.1294048453056
-107.54993390129145
-123.9637357666643
-46.199532846949715
-106.15882182614159
-79.55105372616745
-166.5040722185695
-205.70820165209295
-60.03267865083494
-94.01205152959263
-114.53478810112712
-196.37635436857056
-68.84027139571731
-122.49343844855844
-122.37892268843615
-62.616400640110065
-97.78514606695727
-184.74096803880462
-91.005846797123
-45.50778774172795
-149.61302323438778
-51.77905559054638
-250.77704257003057
-47.502313672910226
-124.8638693623006
-105.53233145947893
-89.0762081443102
-27.185453973146892
-108.97461985378355
-58.47593367586151
-67.58672657724264
-163.54740201280305
-233.94957273295466
-226.84813472396462
-50.39150638089636
-97.176305966931
9.034021136847684
-347.5849877342608
-39.483538988636155
-14.863917476547758
-50.81179363757471
-290.4092249656718
-180.42168151372837
-148.61251845101765
-2.829028262368581
-91.88713568010247
-75.22021219985163
-51.50218206352953
-86.93297757004116
-67.4607500157306
-79.60430566442542
-140.49057012253354
-77.03746419962641
-164.71842499956577
-44.57200963859833
-57.44262512881113
-169.78639423133018
-442.1707524753033
-246.36074159443754
-44.86162995989942
-89.37358329412679
-158.29481558226337
-1.7145787667639354
-118.34188536889926
-23.920406167451986
-172.27151817439034
-124.08928564710621
-114.02668070428817
31.08474248411389
-66.84948790952112
-33.53360104109868
-231.06509408252842
-194.6650194529655
-220.95329738524288
-55.39006179702338
-111.74476871123119
-57.62352083691851
-115.39385898419303
-135.28997535829035
-102.09228290609211
-84.76446891516271
-267.9525138771751
85.0638703711112
-236.01741554937036
-242.71603903153917
-68.5399824705408
-61.12253449229463
-286.40648993354966
-65.02329503161019
-118.14438913238985
-43.830383112320376
-91.88535868994892
17.202656080980177
-79.50333210920418
-43.26270417504641
-24.89265920536053
-52.26834174459954
-72.26997329148303
-27.090474955199525
-17.7685112140894
-57.155556699754456
-20.86335647151523
-34.292977642545225
-40.05472562937973
-65.22059149479298
-26.11480943981158
-75.65564614745674
-176.53938143992107
-97.85714710138119
-71.23473957713114
-43.22695925312293
-222.9199250408003
-73.65313918480253
-30.660440922293503
-48.38049943494411
-94.3309535565723
-24.659510453680937
1.7738168049466054
-137.3754697544586
-416.2050265102414
-188.4558261890188
-72.27385805727579
-55.58482970185189
-21.404425466958713
-201.01450047419866
-27.97628898023801
-42.39573817162034
-135.99914363228496
-119.307499563287
0.32570815502394623
-160.79841695892384
-114.63015519832962
-30.97407524569566
-303.0440500660605
-169.5192283153272
-194.6981772439184
-74.51561468791057
-17.02351166792205
-49.040478092222756
-123.15902755553614
-8.113053733840388
-232.0050894649268
-155.753246063751
-234.55025843756042
1.1930439156505912
-196.43905422507103
-26.921364297786383
-263.8868629260745
-32.63417818871116
-29.357107055645088
65.62135596715052
-78.70297801942269
-72.36609872189612
-86.03211731267592
27.104689985128246
-57.3437647608455
3.4103684571312414
2.7021296074884305
78.86682748868687
-15.657024156430083
49.36626712720539
23.196411040878488
-100.83549386736281
-69.1353931930106
-3.7614219861065123
-75.7745910470837
-13.21519858916561
-2.6726952475596306
7.155423120811989
-101.64954599193575
-38.26858858219492
24.388928023243352
-44.61048407018838
3.8182964956319267
63.27915886922433
-37.78989423553368
-99.2185923504467
-184.81044314250153
3.2654540383092723
-62.366077125698354
-132.79453063136043
-123.98510979776592
-26.888382677915743
-27.78732436947348
34.41646201508638
-70.28234587075679
-62.59910054886464
-65.18839541333239
17.170247870245262
25.989919953402705
7.365473721400235
-255.3282036469957
-186.6904710522856
-48.6671598832269
-2.339316992295238
-30.573431521673598
13.391136518196703
15.328705174201431
-0.612531284074592
-76.01216044200352
-48.338468535514444
-16.40911930576499
-3.7460962680492145
-73.13601338469556
-13.218670857282888
-55.69203781921395
-27.17551604466125
-122.41810575660215
-77.86450942763364
24.619313049643527
30.192409019641815
-101.58278324696981
-89.76512939357836
-64.48946094830286
-220.69589690107205
-115.94570874290443
-100.13872611175488
-23.629798762622514
-245.33047500689878
-34.15650145376641
1.4467425286641316
-201.30840537710782
20.03500866277663
-13.271977418104555
-109.99291626860382
-170.89449185452563
88.45211116996302
-22.25547217457911
-11.792079998895503
-40.85853547999851
-116.57005654695399
-159.67893939260722
-45.66077996900741
1.5659819253938565
-11.436638317117513
-30.940475267707967
12.543476949792023
63.64915297815804
68.16998441756748
-80.21057909019841
-140.06088160220406
-157.50416122642966
-96.4063721322362
-52.70388947368591
60.73048916121459
-15.128473259913392
-93.55079577124317
-21.39261560249227
-18.396933819046303
-172.34285879029375
60.783518774189844
-127.33623749459942
-34.178023138857526
1.491889456211302
66.53647344954611
-7.021427481565382
-48.56852800514345
108.17957929392536
78.60570756847285
20.968065633806347
-88.24457002376937
81.61191134002573
0.0012172803710996938
36.427241215136235
-27.055624854771793
-68.02811678686034
52.31407406858068
0.11735358767168691
103.74964414959399
77.20917798734826
-34.815425146853514
64.12718803696268
4.410798341971869
-45.38297238578768
-8.133228631420863
17.539698265138767
-27.283840186508087
-129.87531157925338
-105.45863970593724
-165.8951053268251
-87.40178998408176
-23.350208292449736
-24.073530911915412
-109.47767999943466
66.04964060436504
99.17846748583696
-174.98128615543902
-153.7448450704056
-61.58713731778596
35.69468200091785
-27.786332480431
-64.94298982891642
-159.9250240346312
6.374575213732527
-100.98445088848337
11.240145989766006
16.743786815374065
-6.514226543305341
-42.58174236877231
93.59392053739208
69.49906849282716
74.1992704692506
-35.890518738717745
90.72835015095188
-11.552574132364313
35.3705975664254
8.064606068570058
-7.051697483001277
113.05487846155623
156.0685208122932
141.59318630885707
9.39148776258402
32.50012436196762
184.52769624434032
-77.44271611876252
-49.642936115121586
29.183664762129105
66.8771886997868
-12.88823290749059
-56.534635586847216
76.91471540366726
-114.16431495598275
-130.25116430954182
114.91390527204902
134.73927558110898
-10.589993467144936
115.51028510630299
255.28209217997372
-13.943289059559262
107.79868697895398
162.3046482219667
-31.906621455404675
105.55516220560439
52.24448495220477
22.347751101401172
106.7368456349783
75.58075970450301
117.87496826762109
45.60149390670145
132.81515734983947
28.499887894881255
98.35669303680821
3.414915195352634
119.8183348989303
-19.190208314435154
115.6346731237574
-37.19241534705212
-102.16620411781373
97.25182845582567
96.99576464465744
-19.2809443939651
111.95461839809063
-41.9880869392578
7.918982534613548
5.7253890689833185
-1.9045517278230761
-61.33610962362448
119.7347534765994
17.195443071323623
105.85987202880722
118.7447244082914
78.0440902028749
79.06849509231562
142.19761561781417
134.97296695105163
120.22012128757152
53.3573111555456
80.24697345474692
41.709084911975964
105.76173892075619
-8.664164164318692
49.45399918026156
61.78380275892296
-48.52121316124118
-49.85931116504892
-8.65419549803417
74.8651090092984
116.40275795948153
72.45152622535412
-31.598300487150595
134.8993032556771
43.146928735440696
6.5119048864953015
-56.573189904715136
-74.65113990362944
66.74168868644969
111.67363570550255
0.7616811759439486
-18.586585896936413
38.95529196819572
57.26979421226087
123.1299839149142
-5.395935026024901
100.95756584898416
102.38418314345486
54.325031904586055
71.68492896922112
-17.621728645173732
15.464178571224545
127.55953927754153
113.4037790144844
-7.754943574021311
-11.673968219875036
77.41832860650875
-69.41968762059776
44.35082291552706
123.24193827967873
72.13453304712687
-95.71760263872773
91.49931562923334
102.06390917914256
138.3634227722624
20.558370141486993
94.63533827156522
103.20518281637014
43.50430583561408
107.31733389453518
125.62630335084215
97.20199964081395
99.44930020519011
93.09868829464216
68.60473210134498
134.16279353497794
146.85043509237656
46.06378689544425
136.31735151540312
115.0157305636791
144.8716781704562
97.13710950752248
21.51327623141431
75.70766520293812
112.94783254314603
119.36458601271048
94.89272507567716
38.90672924334788
128.02430441386767
177.96102709253626
11.469462475607003
77.81715280143891
19.474107294629846
12.06016462855888
34.29708668748228
138.55152233117354
22.209365487737017
160.7220877718132
21.221984475547657
77.37321776260285
139.64750569622782
147.4690314792893
64.4257047335056
117.96006254265771
27.893566106593852
21.02471034344697
139.6997823056579
29.440327693495476
12.527979775656803
243.397711337524
26.505479521018984
-13.292578521791327
6.504578149457458
178.73639556325716
29.492238509484224
93.23117684777824
8.141205948205481
101.79515862571158
35.15787041316932
5.455754236090641
144.1153028285022
34.930002248339235
172.06326673212732
-15.87521151290423
11.348375163389903
129.4907017300824
2.346712727113271
28.770325487004413
22.937836397771903
97.85279421586257
47.5189096333971
5.888210935571479
11.808620346388793
23.984250052651245
4.667262974297955
34.650239104135096
104.61033828175827
214.92438292541053
28.452289243494192
-24.970828312823116
138.47217665422266
118.95162532730025
152.60500207462346
160.54012171203428
155.85393242637497
148.34223402957178
133.50357834273592
-20.082717450695654
50.17431885397778
121.72370341593566
13.52279263949967
7.160819898629299
139.85403143385105
2.0521238802664925
178.80699465296397
143.92057812306768
13.189778004388856
89.01613672833292
119.84424046868509
148.15377997614152
24.89457255077096
-1.4636637240367776
39.069476311110236
136.6487502743861
144.50515377569292
38.20006722292922
169.4218538294958
177.97417063316306
-7.351673812477955
136.88281651776106
13.783286621316208
131.44175312120277
152.70110791562237
131.9025757761968
111.74929467534582
149.23071341442193
153.0519261988787
152.32505833674435
159.65364032720532
28.449433507304207
150.88218038195077
139.38890849052424
137.72033413202735
195.87159005004239
69.41898668039246
128.6036568797862
165.5981080764942
1.004302929637504
170.08390928924644
125.15337950635194
35.90925446378088
57.19143125140806
156.93065336768166
147.2176870055489
-34.19981441392051
105.70084474909527
178.5004081911271
121.31624890090472
149.73967307589072
44.26270987248654
180.01607764559654
16.440894472161304
65.7235256653965
128.81062934996385
136.57396964713755
165.08379952542697
138.70632100389045
0.00571255759007272
171.10572151162035
28.838232358484845
136.77627978740088
162.64108951106272
184.12612487021298
16.677160948983328
-187.20314081597917
130.9866702512181
126.53203338732244
140.1154181111139
132.8126905514663
125.05217979443773
177.7576790295403
152.33107969732106
166.99067237026716
47.89826130594311
0.9754068421712105
162.48681326369862
119.67510414503147
135.03537619420874
150.3757134606126
152.47775356478837
164.94546224655696
149.5313235190106
126.26089143291676
-10.448822120820523
167.68696369634318
147.38825164950384
167.89794060383986
146.27163913190847
166.01880554083903
33.5555786805167
157.90210010079682
120.264215990793
148.66465081190495
11.12106847721654
128.6316423226623
146.50109831632932
33.62447813795717
-18.41352982161142
121.2588308761521
178.8903825731124
0.3808970908111746
152.7268015367379
-59.368324410087666
-73.00150340484726
111.37748937365342
155.77120024765685
16.54272310640249
-2.8601505420034954
14.048732965455372
176.66304340638501
112.06068268675313
117.81200124738801
145.63099070227312
92.62330257002077
-54.15063552338836
108.01735120984932
129.27036785619885
132.81306131776125
101.87859772689762
110.97224284404798
163.62342443591052
-108.21871869709474
19.089400197529656
143.96261185264345
155.7160919320744
108.47833819305264
258.3036230773491
149.0773335566004
108.86569030814668
98.45275690410087
93.4474521736014
140.7176642064631
173.9833031751731
163.2202237977295
104.31674009013734
191.05029853751205
134.98100719089473
120.66917489855305
171.02573840878284
146.80691731405437
176.5597204904604
166.8951076796076
155.39948807695475
138.84055833257563
182.5685736989167
-22.949921657463307
31.568040593319665
121.84952269932364
-13.404946051383618
135.72796431586565
130.34666466845465
10.806258175018968
177.4076243076522
99.62750475101403
59.58145413228108
157.2935050148154
122.37025350934341
150.71884867634571
80.27718564835403
188.79112509728586
51.60929370638982
122.65118553918043
147.97299315365396
26.222046605356724
180.93900747827809
121.4033819878705
133.76464454556387
252.05021730245537
281.2696931975178
220.41577553244994
166.8592128865556
153.4473525056102
135.4751553226263
172.68489743420167
245.75351731198464
226.0681573534031
257.41817227158276
242.277231074889
239.4965231079343
256.38995665089874
195.72883327117006
278.40089651742386
5.958330113464555
246.86936827925956
253.64465142851526
19.397932763511136
70.67734842400557
270.15892937296184
31.69743398601443
218.96146619946944
262.3889304269711
251.6282820880717
45.41509661555011
250.49501623157067
245.58704027793672
238.73830391331197
-11.166736220034863
59.95769161147743
231.49155466285038
43.96998488594443
243.35448310035812
-4.204547192367897
34.58256580282165
274.2880923803458
293.0841739141383
36.234847382607256
278.93042585396984
242.2799238103775
280.8862869991325
24.870876440565567
270.75320480687253
295.9575000347737
278.05189425908236
248.3164819894767
19.189601853330785
2.454089985133521
249.46922855067365
258.87032564405183
17.17466881007681
269.3442075750134
13.74515010820312
264.6186736855583
-9.252402857930562
219.371006125249
39.99453989507421
250.79168694590348
39.85054019761003
276.56555267292424
225.36920255921518
280.7774280427201
263.3371826686835
245.65596517003908
46.96178900463218
267.650855504284
32.84364290106754
290.36344320102523
250.9563121843592
36.82918825053309
-10.00093407998105
226.87657179142866
223.4938275136974
232.68057837952014
229.14232367823996
235.42765592866616
222.13494206451279
268.0057984344839
-14.414338336242892
211.28342929523652
255.4589370176361
214.92478806919416
178.09315306446183
-32.77860678467884
259.095307397804
182.61306106269922
210.88587028218802
243.92925404563243
185.18421381098165
278.01287357857393
234.37199933102238
233.48593392693505
243.6258468062216
-1.2355626066234606
43.983477826496596
291.7829007746477
242.91132136359838
231.97359900140174
229.43551928956805
-10.321260070789904
45.42891317539639
7.002324557506256
221.28695663556522
292.560682854305
282.4128026965916
286.0674661801222
254.27880488113362
-24.261919014224688
259.96239049444455
-4.335572383311444
241.37287912760857
253.75998264885212
230.6589918381354
266.18913121196204
225.6365081876461
155.1669197816623
214.0224521984774
-5.7646947105332345
253.66247335062386
223.5354987431109
265.9022876047515
46.94456482717101
250.100343949112
37.66667354561986
238.1036503887999
188.1674562248167
283.271805578034
1.433010012257455
-24.675450980361177
249.5711045586878
238.51580553816055
305.17664905445486
253.49043539121962
254.51358694183617
-5.114412843313431
255.56471882577034
261.2990650910889
173.2792158688616
203.50522532391858
202.96682865997101
219.19785706957373
245.30225235846302
270.0764242552101
264.5362399213192
205.56914600891247
220.24598434048897
219.93498204358414
